Fixed effects (effect coding): OR (Wald 95% CI). Coefficients are deviations from grand mean.

                  term Estimate (log-odds)    SE   OR       95% CI      z
                   1|2              -5.848 0.456 0.00    (0, 0.01) -12.82
                   2|3              -3.610 0.173 0.03 (0.02, 0.04) -20.82
                   3|4               1.715 0.112 5.56 (4.46, 6.92)  15.31
             scenario1              -0.433 0.129 0.65  (0.5, 0.84)  -3.35
             scenario2               0.233 0.200 1.26 (0.85, 1.87)   1.16
             scenario3               0.037 0.203 1.04  (0.7, 1.55)   0.18
             scenario4              -0.055 0.205 0.95 (0.63, 1.41)  -0.27
           base_model1               0.922 0.108 2.51 (2.03, 3.11)   8.54
 scenario1:base_model1              -0.408 0.129 0.67 (0.52, 0.86)  -3.15
 scenario2:base_model1               0.130 0.200 1.14 (0.77, 1.69)   0.65
 scenario3:base_model1               0.063 0.203 1.07 (0.71, 1.59)   0.31
 scenario4:base_model1              -0.029 0.205 0.97 (0.65, 1.45)  -0.14
        p
  < 1e-04
  < 1e-04
  < 1e-04
 0.000819
 0.244253
 0.853843
 0.789937
  < 1e-04
 0.001623
 0.514459
 0.756363
 0.887843
